934;55024380;356;.;25;2589;0;0;0;12.0127;C/T;
1102;5447757;51;.;35;2084;0;0;0;5.51466;A/T;
1304;205378;72;.;30;957;0;0;0;12.9678;C/T;
855;87404886;140;.;18;3000;0;0;0;5.40694;G/C;
634;172093852;82;.;18;2891;0;0;0;3.14954;G/A;
692;75596407;1;.;12;2924;0;0;0;8.03849;C/T;
765;151339138;138;.;32;1834;0;0;0;5.54532;G/T;
1648;1213517;20;.;67;1352;0;0;0;5.21083;C/T;
1107;35873593;173;.;31;290;0;0;0;0.712169;G/A;
291;131954244;268;.;7;2488;0;0;0;8.20689;A/C;
355;178144109;138;.;6;1567;0;0;0;4.61153;G/A;
1455;677747;37;.;35;896;0;0;0;3.87023;C/A;
932;39306616;16;.;24;1409;0;0;0;4.21308;C/T;
670;35032762;14;.;11;1879;0;0;0;3.77202;G/A;
891;36301335;3;.;20;3119;0;0;0;5.88629;G/A;
427;150903172;50;.;11;3068;0;0;0;347.634;A/T;
1077;90692782;52;.;27;3209;0;0;0;13.0298;C/T;
889;139026799;8;.;28;9;0;0;0;0.727204;A/G;
852;80143717;36;.;29;1536;0;0;0;4.18774;G/C;
847;149581625;125;.;17;1356;0;0;0;2.18778;G/T;
1191;150297918;76;.;42;30;0;0;0;92.1725;G/A;
813;178230100;11;.;25;676;0;0;0;1.7856;C/T;
951;140884512;23;.;18;108;0;0;0;0.837148;G/A;
561;40779054;7;.;13;1798;0;0;0;8.4623;A/C;
1327;50489442;85;.;34;454;0;0;0;8.71796;C/G;
704;32091763;156;.;8;2578;0;0;0;10.9751;G/T;
638;37917797;47;.;20;2206;0;0;0;2.95411;T/A;
1417;49962694;44;.;43;2165;0;0;0;24.3646;C/T;
1137;50117215;42;.;35;2721;0;0;0;6.51765;C/T;
933;46261123;18;.;34;2725;0;0;0;19.4963;G/A;
1412;50220017;48;.;37;71;0;0;0;3.20798;T/C;
962;26479352;52;.;30;2686;0;0;0;6.02682;C/T;
1765;17889120;9;.;48;2541;0;0;0;2.52656;G/C;
507;24050898;29;.;23;1047;0;0;0;1.86129;C/T;
1031;26026632;53;.;42;525;0;0;0;51.3853;A/T;
1177;30342264;81;.;19;1090;0;0;0;28.2236;A/T;
1145;36228258;60;.;40;829;0;0;0;31.8882;T/A;
1056;19176420;81;.;32;440;0;0;0;27.8817;C/A;
1403;50504918;9;.;39;1694;0;0;0;11.2341;C/A;
979;37678559;48;.;18;987;0;0;0;2.50996;G/C;
748;38481404;30;.;24;1879;0;0;0;8.25715;G/C;
1251;19233165;1;.;29;1540;0;0;0;6.18219;C/T;
810;50696910;46;.;39;1738;0;0;0;11.0638;C/T;
1232;37206624;21;.;62;2305;0;0;0;8.50491;T/G;
976;40021468;23;.;25;2618;0;0;0;4.51761;C/T;
1133;86142069;20;.;25;2400;0;0;0;3.30687;T/A;
1133;80948922;96;.;31;1292;0;0;0;15.9909;T/G;
16;75339827;2;.;0;3216;0;0;0;17.125;C/T;
1315;33706976;76;.;60;2824;0;0;0;23.4948;G/T;
946;62067839;56;.;14;1148;0;0;0;42.2833;G/T;
824;64817996;21;.;16;2821;0;0;0;38.0114;G/A;
860;80181069;94;.;21;675;0;0;0;7.25993;G/T;
799;69384811;44;.;27;1542;0;0;0;8.67436;G/A;
463;56464249;3;.;6;3174;0;0;0;16.0059;T/C;
1261;33816896;48;.;64;1783;0;0;0;4.43602;C/G;
1371;57604268;28;.;62;1247;0;0;0;10.6014;G/A;
1157;90999686;11;.;33;893;0;0;0;3.29027;T/C;
586;72169920;89;.;13;975;0;0;0;3.06378;T/G;
854;52609520;5;.;25;1864;0;0;0;24.0219;T/G;
983;62244614;25;.;27;2842;0;0;0;3.94623;A/G;
836;65916930;109;.;15;2027;0;0;0;18.2471;C/A;
514;70984206;59;.;6;2390;0;0;0;22.074;A/T;
740;99105863;7;.;40;3212;0;0;0;8.12733;C/T;
1027;78293216;37;.;38;1095;0;0;0;4.75961;C/T;
1043;59153603;7;.;21;2266;0;0;0;97.6677;G/A;
1046;77035830;40;.;29;1289;0;0;0;8.68893;C/T;
712;49328570;58;.;46;1526;0;0;0;4.18392;A/G;
598;35012441;196;.;12;852;0;0;0;1.16402;A/C;
908;163072432;142;.;27;878;0;0;0;4.17026;C/T;
1070;67009112;38;.;17;1859;0;0;0;13.8569;C/T;
1290;159929816;49;.;38;2636;0;0;0;1.39333;T/C;
678;32207572;208;.;10;762;0;0;0;4.64089;G/C;
1074;24391599;11;.;36;1514;0;0;0;2.23302;C/G;
1870;3646709;73;.;83;2889;0;0;0;2.3687;C/T;
708;15661240;32;.;12;22;0;0;0;28.6059;G/T;
804;18482050;2;.;33;2063;0;0;0;3.65957;A/G;
697;68439586;25;.;22;2065;0;0;0;24.9115;G/A;
513;28236442;55;.;9;2515;0;0;0;10.5367;C/T;
1306;41583195;4;.;52;1251;0;0;0;4.82266;C/A;
675;37587496;16;.;14;453;0;0;0;1.32386;C/G;
900;161098915;5;.;27;1233;0;0;0;35.0817;G/C;
500;182057008;22;.;12;304;0;0;0;44.0506;A/C;
582;235450341;22;.;14;1230;0;0;0;5.13471;C/G;
956;223394850;42;.;22;986;0;0;0;4.88925;T/A;
771;51444974;9;.;26;1608;0;0;0;5.69948;C/A;
503;158292872;36;.;15;1693;0;0;0;9.04765;G/A;
912;76412275;48;.;25;1426;0;0;0;7.3448;A/G;
1099;24543544;67;.;39;1637;0;0;0;4.104;G/T;
462;22959123;5;.;11;1827;0;0;0;6.83155;C/T;
1011;25598737;238;.;32;1717;0;0;0;4.38562;G/A;
1163;69414966;5;.;48;542;0;0;0;5.49512;C/T;
962;98030448;21;.;20;570;0;0;0;3.12768;C/T;
976;125767531;39;.;22;2366;0;0;0;9.54367;C/A;
1081;17771307;53;.;29;2755;0;0;0;7.31611;A/G;
883;100980319;40;.;15;2057;0;0;0;11.9451;C/G;
763;63594781;34;.;16;1386;0;0;0;20.6773;C/T;
858;112286392;28;.;21;983;0;0;0;23.7269;G/A;
1277;71280047;56;.;45;2013;0;0;0;4.70702;T/G;
714;27223350;21;.;35;1888;0;0;0;1.56877;C/A;
688;92537532;13;.;11;1928;0;0;0;4.82568;G/T;
1028;113589796;136;.;40;1714;0;0;0;4.59251;A/C;
517;79613907;11;.;18;3190;0;0;0;38.0248;T/C;
806;97578513;71;.;17;314;0;0;0;42.1141;G/T;
772;114228127;45;.;12;902;0;0;0;9.63186;T/A;
1495;129766945;19;.;34;1335;0;0;0;32.8692;G/A;
663;113766708;53;.;15;124;0;0;0;2.05177;G/T;
825;48274556;101;.;24;1616;0;0;0;28.0521;T/A;
884;104315739;3;.;15;1499;0;0;0;13.7185;G/A;
714;116598064;9;.;16;616;0;0;0;3.42368;C/T;
866;105195266;151;.;17;2323;0;0;0;13.8303;G/T;
777;106997691;50;.;18;1349;0;0;0;3135.08;C/T;
1110;553340;30;.;49;3094;0;0;0;8.49625;C/T;
742;57498272;50;.;16;1696;0;0;0;2.07901;A/C;
619;25204247;24;.;17;2909;0;0;0;6.01121;T/G;
691;96757589;23;.;26;2818;0;0;0;19.7417;G/C;
1008;105211243;29;.;16;3201;0;0;0;5.80907;T/G;
653;8604907;6;.;29;2855;0;0;0;5.78735;C/T;
958;1639821;167;.;52;2757;0;0;0;6.54021;T/A;
988;29506971;76;.;38;467;0;0;0;800.698;C/A;
814;88077789;349;.;13;1306;0;0;0;4.10232;C/T;
2073;132582162;11;.;45;2695;0;0;0;12.7593;C/A;
685;113437938;16;.;13;1276;0;0;0;1.90825;C/A;
1074;57623895;23;.;19;1314;0;0;0;20.2124;C/T;
1261;52904907;78;.;48;1430;0;0;0;18.0204;G/C;
775;68870371;20;.;20;1610;0;0;0;2.45968;G/A;
605;118144801;25;.;23;2689;0;0;0;20.9381;T/C;
1022;120216855;31;.;18;1614;0;0;0;6.16551;G/T;
966;12987248;156;.;29;2915;0;0;0;7.62916;C/T;
780;111452842;128;.;15;3039;0;0;0;27.2882;T/C;
614;121038773;80;.;21;63;0;0;0;1.99493;C/T;
948;26398874;184;.;28;1497;0;0;0;188.846;A/T;
876;27763247;12;.;18;1791;0;0;0;8.1803;C/T;
808;9279600;114;.;18;872;0;0;0;53.4766;A/C;
864;79096475;24;.;24;1273;0;0;0;17.333;G/A;
1139;31142185;19;.;30;1808;0;0;0;5.99315;C/T;
1399;10794869;158;.;41;1983;0;0;0;6.57011;A/T;
1006;43273579;13;.;42;2017;0;0;0;6.53356;C/A;
1273;74447208;47;.;61;3157;0;0;0;9.46426;G/A;
731;2890861;11;.;41;2793;0;0;0;6.12962;C/T;
822;55635823;46;.;16;1771;0;0;0;6.78709;A/G;
659;80038535;5;.;19;811;0;0;0;3.69316;C/T;
961;24165132;315;.;35;1097;0;0;0;54.4625;G/A;
591;21815724;159;.;8;2785;0;0;0;10.371;C/T;
791;23373711;7;.;15;629;0;0;0;3.28977;C/A;
858;23845046;51;.;16;2557;0;0;0;3.02768;A/G;
482;26227135;9;.;7;1839;0;0;0;14.9048;A/T;
386;35369520;71;.;6;2095;0;0;0;3.41025;C/G;
977;46686249;86;.;22;419;0;0;0;23.3262;G/T;
757;23689671;4;.;15;400;0;0;0;7.11126;C/T;
1020;59448011;126;.;26;2187;0;0;0;12.1323;A/C;
1502;77017023;58;.;39;860;0;0;0;15.2869;C/A;
1236;10855351;128;.;53;918;0;0;0;1.15413;A/T;
139;47033698;20;.;2;2562;0;0;0;9.40184;G/A;
902;6927615;39;.;32;1558;0;0;0;75.3325;C/T;
677;36260119;49;.;16;2143;0;0;0;9.69638;A/G;
808;60372245;16;.;16;1599;0;0;0;3.03241;G/T;
694;33092826;87;.;18;1562;0;0;0;7.47977;C/A;
1067;36045921;82;.;36;2832;0;0;0;228.02;G/C;
854;37008224;46;.;23;1453;0;0;0;3.66677;G/T;
1025;30396246;7;.;16;2972;0;0;0;9.04686;A/T;
1339;45986596;57;.;42;1524;0;0;0;9.60719;G/T;
1276;44324854;22;.;45;118;0;0;0;1.40114;A/C;
1468;44910352;35;.;45;2447;0;0;0;18.0825;T/A;
859;46658808;13;.;31;2666;0;0;0;34.04;A/T;
1395;42282290;47;.;46;2006;0;0;0;17.8298;C/G;
559;32514942;19;.;14;1281;0;0;0;6.95494;C/T;
1158;30282780;16;.;27;786;0;0;0;1948.51;G/C;
858;33241839;62;.;34;1499;0;1;0;150.104;A/G;
849;36214441;43;.;22;1444;0;0;0;24.8833;G/C;
1184;44612185;129;.;49;1757;0;0;0;9.5069;C/T;
1121;44457418;1;.;25;2138;0;0;0;3.92632;G/T;
1107;25997359;66;.;27;2844;0;0;0;137.556;C/T;
994;36930252;69;.;23;2200;0;0;0;9.94492;T/G;
1237;42383031;27;.;52;2735;0;0;0;10.8143;A/G;
62;44258531;39;.;1;2866;0;0;0;4.72511;G/A;
1224;29587404;123;.;31;3060;0;0;0;6.14144;G/C;
1220;40124233;10;.;49;626;0;0;0;9.67648;G/A;
906;31120400;39;.;29;1936;0;0;0;14.6858;C/A;
856;30425495;251;.;14;2401;0;0;0;14.7028;G/A;
620;25592850;10;.;14;644;0;0;0;1.38497;G/A;
1040;26839742;15;.;40;1963;0;0;0;16.8356;G/C;
1232;59865866;45;.;37;1460;0;0;0;12.6671;C/G;
438;35126329;16;.;17;1780;0;0;0;7.72042;G/T;
575;35274382;15;.;17;1483;0;0;0;3.41346;C/T;
757;396559;23;.;53;1722;0;0;0;32.6676;C/T;
572;35465803;111;.;30;654;0;0;0;4.22642;C/T;
589;31482470;75;.;35;1083;0;0;0;2.86993;C/T;
699;18316647;33;.;23;3207;0;0;0;3.88437;C/G;
930;3228297;24;.;34;2595;0;0;0;8.70192;C/A;
1210;23084293;29;.;33;871;0;0;0;6.93148;G/A;
745;1521562;24;.;24;2563;0;0;0;10.9252;C/T;
1331;64083421;8;.;36;356;0;0;0;10.8149;A/G;
716;13771384;96;.;21;2736;0;0;0;20.2823;A/C;
956;32885503;81;.;25;46;0;0;0;1.67717;A/G;
577;36793818;31;.;11;339;0;0;0;2.18229;A/G;
846;33207781;27;.;24;3014;0;0;0;3.42077;G/T;
1633;63196710;65;.;61;1374;0;0;0;2.61135;A/C;
921;1391685;117;.;32;974;0;0;0;1.69418;C/T;
1075;8010312;137;.;30;2212;0;0;0;6.45938;G/C;
911;56004090;70;.;34;433;0;0;0;27.3351;G/A;
1497;62952839;34;.;30;2208;0;0;0;3.91691;A/T;
1083;60012568;106;.;21;1909;0;0;0;9.83125;C/G;
958;41173453;24;.;27;1362;0;0;0;12.0281;C/T;
1316;62273396;144;.;30;3099;0;0;0;14.5505;G/T;
735;122904420;99;.;24;1544;0;0;0;3.77303;A/G;
702;124441055;27;.;20;2227;0;0;0;37.7237;G/A;
932;116830784;35;.;18;1084;0;0;0;33.3923;G/A;
579;66849025;88;.;12;3195;0;0;0;19.2628;C/T;
674;5947508;51;.;16;2625;0;0;0;336.286;G/A;
568;73649016;6;.;13;779;0;0;0;61.7689;C/T;
1053;17461761;183;.;35;1640;0;0;0;5.29994;A/C;
919;133920373;8;.;32;1033;0;0;0;10.3276;C/G;
524;60392684;19;.;14;696;0;0;0;7.50274;G/T;
558;88294275;223;.;19;1607;0;0;0;3.82284;C/A;
1146;47424612;108;.;38;2128;0;0;0;6.47634;G/A;
700;57300577;11;.;24;660;0;0;0;8.15393;C/T;
1372;77206172;3;.;35;805;0;0;0;5.08551;C/A;
1029;61962568;60;.;36;630;0;0;0;3.58406;C/T;
676;57660876;180;.;16;3113;0;0;0;15.9239;C/T;
833;61338057;23;.;19;696;0;0;0;7.88241;T/G;
1882;904704;140;.;49;509;0;0;0;5.93477;A/G;
1433;2768917;16;.;51;902;0;0;0;5.84642;C/T;
1025;24914475;21;.;39;907;0;0;0;1.96096;G/T;
750;59515699;27;.;15;3184;0;0;0;29.8571;A/C;
610;107429190;141;.;20;1474;0;0;0;5.8234;T/C;
957;121129989;1;.;18;2643;0;0;0;49.3301;C/T;
1141;114312436;17;.;36;2721;0;0;0;6.8608;C/A;
662;6214410;16;.;16;334;0;0;0;12.3598;C/A;
541;50015681;26;.;10;2254;0;0;0;11.5725;A/T;
627;21539346;16;.;23;1433;0;0;0;4.67788;G/C;
807;49359832;17;.;14;1847;0;0;0;5.8466;C/A;
714;48411431;72;.;24;2741;0;0;0;52.7567;C/G;
464;19671832;65;.;27;2605;0;0;0;31.1356;A/G;
775;24912035;27;.;13;1512;0;0;0;5.07187;A/T;
588;95927068;2;.;23;2736;0;0;0;4.32971;A/T;
807;98709571;97;.;29;954;0;0;0;1.85917;C/T;
558;95863704;36;.;13;751;0;0;0;0.986685;T/C;
926;23760094;48;.;29;1848;0;0;0;4.95159;A/T;
1050;51865595;82;.;31;1832;0;0;0;4.26903;C/T;
799;101058018;68;.;32;2325;0;0;0;7.14976;C/T;
1060;27440265;12;.;34;263;0;0;0;6.30257;G/A;
738;94590856;6;.;23;1503;0;0;0;15.8288;C/G;
1020;32338200;71;.;24;1858;0;0;0;2.93809;C/T;
1003;46227820;15;.;35;105;0;0;0;23.9441;A/C;
922;95584735;31;.;24;2863;0;0;0;26.484;C/A;
810;102862117;71;.;24;988;0;0;0;9.87969;C/A;
928;75320036;190;.;36;1000;0;0;0;9.41049;G/A;
369;100089224;30;.;13;1735;0;0;0;5.27675;A/C;
709;23336669;7;.;35;2786;0;0;0;16.81;C/A;
1017;77156124;317;.;26;2396;0;0;0;2.83079;C/T;
1149;69975797;8;.;36;3004;0;0;0;17.177;G/T;
696;19782502;70;.;23;2162;0;0;0;1.68094;C/G;
815;94619149;68;.;19;1383;0;0;0;9.61874;G/A;
775;39720721;25;.;10;2763;0;0;0;21.1776;G/A;
636;27249230;109;.;18;1389;0;0;0;7.73876;G/A;
901;49840897;32;.;14;1229;0;0;0;1.42631;C/T;
819;24798834;157;.;17;1417;0;0;0;73.6934;A/T;
945;106628963;156;.;26;496;0;0;0;4.23125;C/T;
996;89758828;41;.;34;2225;0;0;0;23.571;G/A;
858;10912722;38;.;21;3080;0;0;0;29.2734;A/G;
561;36486950;77;.;21;1810;0;0;0;13.5247;T/G;
827;143863098;127;.;19;1012;0;0;0;20.4999;C/T;
1375;33106792;3;.;79;6465;0;0;32009.7;95080.4;A/G;
743;26390707;28;.;18;1776;0;0;0;37.6711;C/T;
600;109585915;207;.;21;2199;0;0;0;24.6821;C/T;
992;129833547;14;.;35;947;0;0;0;2.75278;C/A;
1026;53922740;47;.;15;463;0;0;0;9.73055;T/C;
641;37219042;25;.;24;261;0;0;0;11.7337;C/T;
809;119020037;9;.;20;1646;0;0;0;4.65303;G/A;
1180;128322223;7;.;30;1794;0;0;0;6.65674;T/A;
1185;47000296;8;.;29;752;0;0;0;1.58305;C/T;
959;54343224;150;.;27;2640;0;0;0;34.8179;A/G;
1667;32858394;62;.;109;2901;0;0;0;11.1953;C/T;
652;18122137;138;.;18;1979;0;0;0;73.7535;C/A;
745;3227508;148;.;27;3094;0;0;0;54.2018;G/T;
1638;1269910;6;.;41;864;0;0;0;4.25263;A/G;
1035;49167916;1;.;28;2170;0;0;0;12.9211;G/A;
886;11262395;34;.;26;1973;0;0;0;26.9429;A/G;
911;5866721;4;.;30;2557;0;0;0;9.52373;C/T;
592;40395495;94;.;11;1665;0;0;0;26.4728;G/A;
950;40627028;72;.;21;1840;0;0;0;4.92003;C/T;
624;39704544;41;.;13;1101;0;0;0;16.1386;G/A;
913;50959317;44;.;50;2948;0;0;0;21.3189;C/T;
902;3478816;23;.;34;1339;0;0;0;4.66304;A/C;
893;49988490;42;.;22;165;0;0;0;0.906855;G/A;
730;28706958;18;.;12;174;0;0;0;63.7112;T/C;
1040;375846;9;.;67;2250;0;0;0;6.37016;A/T;
712;11197483;5;.;33;2353;0;0;0;4.95995;G/C;
996;16479208;11;.;28;2880;0;0;0;2.78997;C/A;
872;41756896;44;.;16;2023;0;0;0;8.08276;A/T;
632;49390927;33;.;10;1800;0;0;0;43.5598;G/A;
794;48745745;76;.;25;913;0;0;0;3.80235;C/G;
756;51452379;207;.;41;2595;0;0;0;15.7497;T/A;
962;50771644;16;.;50;1978;0;0;0;7.89108;T/A;
387;39031040;58;.;9;2569;0;0;0;55.6397;A/T;
809;47802809;110;.;23;1796;0;0;0;8.95438;G/C;
1001;47539811;129;.;16;2710;0;0;0;9.63215;G/C;
1011;27974695;169;.;25;3182;0;0;0;12.4482;A/G;
772;57640069;46;.;17;2438;0;0;0;25.6272;T/A;
1540;2712329;9;.;40;254;0;0;0;5.9841;G/C;
498;156892945;33;.;14;139;0;0;0;47.5801;G/A;
1263;149782915;17;.;36;738;0;0;0;28.6171;C/T;
1706;1980511;32;.;51;932;0;0;0;9.97666;G/A;
600;23124783;105;.;14;60;0;0;0;4.71725;T/G;
750;149103952;47;.;23;2714;0;0;0;5.36937;C/A;
1102;140017722;9;.;41;2411;0;0;0;50.1861;C/G;
1166;45183233;20;.;30;2296;0;0;0;18.9168;C/T;
697;44799242;194;.;9;623;0;0;0;16.17;T/G;
422;75058770;35;.;4;794;0;0;0;12.0258;C/T;
1333;128877502;15;.;27;2155;0;0;0;14.9611;G/A;
946;98221755;3;.;16;117;0;0;0;2.26054;T/C;
734;24699028;46;.;18;1358;0;0;0;3.54998;A/G;
704;150857162;37;.;41;2450;0;0;0;30.3223;G/A;
892;135255226;62;.;17;2412;0;0;0;6.40279;G/T;
849;144050699;7;.;21;3081;0;0;0;125.006;C/T;
1179;137513897;31;.;26;763;0;0;0;3.8755;G/A;
999;20159249;108;.;34;1966;0;0;0;28.6689;G/T;
859;16376226;143;.;25;877;0;0;0;6.31813;G/A;
660;135032873;1;.;15;609;0;0;0;119.4;C/T;
807;138663133;31;.;37;1877;0;0;0;4.39117;C/A;
1021;130368566;89;.;43;2392;0;0;0;5.58733;T/C;
777;85020275;134;.;5;3232;0;0;0;25.3381;C/T;
892;143511772;62;.;30;1399;0;0;0;4.01432;A/T;
478;43803792;32;.;9;1835;0;0;0;1.63829;C/T;
2029;1548642;123;.;55;1549;0;0;0;19.4789;G/A;
1917;2069277;3;.;85;2258;0;0;0;10.237;G/C;
754;94789817;74;.;28;219;0;0;0;10.1964;C/G;
771;94882290;97;.;20;2425;0;0;0;6.70596;C/T;
1104;144114792;21;.;20;615;0;0;0;2.71434;C/T;
1291;138779563;67;.;59;1785;0;0;0;17.356;C/A;
739;58590866;75;.;16;2566;0;0;0;11.1687;C/T;
750;94519419;152;.;19;1434;0;0;0;14.4145;T/G;
1020;72022908;139;.;32;2740;0;0;0;15.737;A/C;
639;30137459;132;.;15;922;0;0;0;1.76897;G/A;
917;10529700;45;.;38;547;0;0;0;2.67856;G/T;
777;58491750;12;.;10;775;0;0;0;16.2653;C/G;
655;66680025;25;.;12;2157;0;0;0;9.37998;G/A;
748;124977672;52;.;20;24;0;0;0;41.0192;C/A;
343;39233987;20;.;9;420;0;0;0;60.1117;C/T;
1011;23145791;2;.;29;2157;0;0;0;4.29029;T/C;
652;68468757;61;.;18;468;0;0;0;0.404444;G/T;
1081;84529458;140;.;15;2426;0;0;0;6.64888;G/A;
951;38993594;91;.;30;2686;0;0;0;2443.48;C/A;
1610;17561981;1;.;61;2111;0;0;0;5.94733;C/G;
634;123356444;140;.;8;2882;0;0;0;6.56344;C/A;
589;85134916;261;.;22;1635;0;0;0;6.32414;C/T;
996;132572458;46;.;37;3047;0;0;0;17.4358;A/G;
837;128123701;43;.;22;205;0;0;0;14.9917;C/A;
937;98985655;16;.;35;2658;0;0;0;3.36519;T/G;
1021;129870538;172;.;35;238;0;0;0;20.2221;G/T;
840;127525139;54;.;13;103;0;0;0;3.19955;G/A;
333;5361091;45;.;12;464;0;0;0;20.4852;T/G;
441;100284605;29;.;5;987;0;0;0;1.67302;T/C;
815;37498161;39;.;20;1492;0;0;0;3.91136;C/T;
772;128309616;27;.;16;2546;0;0;0;5.48337;C/A;
1036;35800124;110;.;25;48;0;0;0;68.2485;A/C;
1485;137189903;21;.;34;1339;0;0;0;26.4956;A/G;
1097;114094352;104;.;36;2209;0;0;0;2.44527;C/A;
727;71911767;16;.;9;2525;0;0;0;12.28;C/T;
1025;69228083;24;.;28;208;0;0;0;12.7378;C/G;
618;35305138;46;.;23;160;0;0;0;0.624708;A/T;
980;76850623;98;.;40;2956;0;0;0;3.68527;G/T;
1099;131621999;24;.;27;2405;0;0;0;8.10341;C/A;
461;76502657;44;.;12;2161;0;0;0;3.91354;C/T;
1311;121822641;3;.;26;1695;0;0;0;13.1659;T/C;
710;77205976;107;.;35;3219;0;0;0;10.6914;A/G;
641;92271077;4;.;10;1187;0;0;0;3.18463;C/T;
953;94955998;113;.;26;1896;0;0;0;10.504;C/T;
1150;18680311;47;.;49;918;0;0;0;17.9291;G/C;
1090;21015936;74;.;26;309;0;0;0;96.7909;A/T;
973;137587089;92;.;17;1266;0;0;0;27.7928;G/A;
1068;241097317;45;.;33;3168;0;0;0;65.0791;G/A;
667;96646455;98;.;7;1335;0;0;0;6.40529;T/G;
851;178443336;205;.;25;3039;0;0;0;2.67816;G/A;
629;32278180;80;.;14;847;0;0;0;0.616523;G/A;
735;27858563;9;.;22;1192;0;0;0;10.3679;G/A;
591;230539288;21;.;14;1706;0;0;0;24.7483;G/T;
753;161879233;201;.;18;820;0;0;0;7.51171;A/T;
496;157760942;71;.;11;1262;0;0;0;4.07782;C/T;
861;9875907;29;.;35;1714;0;0;0;51.0901;C/G;
1121;227042213;127;.;15;1825;0;0;0;13.4634;A/C;
1117;181916335;27;.;15;3025;0;0;0;12.1516;C/T;
1092;68926739;59;.;34;2205;0;0;0;9.03261;G/T;
642;171326070;29;.;22;2580;0;0;0;12.0444;A/C;
1109;85863414;149;.;40;55;0;0;0;18.2856;G/A;
977;166303089;73;.;21;2462;0;0;0;4.1322;C/G;
419;233796044;4;.;19;6418;0;0;614.267;1348.17;C/T;
1460;205763687;80;.;54;1435;0;0;0;10.22;C/T;
869;108930167;33;.;19;87;0;0;0;0.979917;G/A;
948;43570462;9;.;24;2656;0;0;0;16.6913;G/A;
997;86510471;103;.;20;887;0;0;0;16.7038;G/A;
809;174387754;49;.;24;2936;0;0;0;15.6824;G/T;
531;84824104;80;.;13;2413;0;0;0;5.04021;C/T;
1170;8747144;14;.;35;1658;0;0;0;9.05182;C/T;
1101;104932065;97;.;28;3127;0;0;0;4.11357;T/G;
654;50332316;11;.;13;2058;0;0;0;5.27786;T/A;
701;58234368;76;.;8;120;0;0;0;1.70603;A/G;
741;76771243;224;.;24;2452;0;0;0;10.6877;C/G;
774;70667599;63;.;23;165;0;0;0;21.7453;C/T;
909;23359817;21;.;25;707;0;0;0;12.8938;A/T;
673;49802565;24;.;15;1112;0;0;0;1.06653;C/T;
675;77673952;34;.;26;42;0;0;0;0.158971;G/A;
647;88431196;13;.;20;1432;0;0;0;4.08815;G/A;
720;89797314;57;.;23;2344;0;0;0;7.63615;G/A;
974;87984523;47;.;31;2557;0;0;0;50.0042;C/T;
1113;23556863;19;.;36;3095;0;0;0;15.1064;C/T;
1160;29630805;17;.;26;320;0;0;0;5.7674;G/A;
781;75985825;34;.;16;2665;0;0;0;26.2243;C/G;
1238;23104446;4;.;33;899;0;0;0;16.9608;G/A;
518;74809794;107;.;16;966;0;0;0;27.578;C/T;
903;75707022;19;.;18;2004;0;0;0;6.81119;A/T;
901;76853311;39;.;20;2236;0;0;0;1.5125;C/A;
1021;67586095;171;.;44;2096;0;0;0;13.8265;A/T;
1179;52005785;99;.;46;1268;0;0;0;13.5531;G/A;
594;31326159;97;.;19;2741;0;0;0;10.7972;T/A;
741;63986465;99;.;18;891;0;0;0;2.83338;A/T;
1036;74522789;119;.;24;662;0;0;0;4.81527;C/T;
820;52813423;34;.;19;968;0;0;0;14.6525;A/G;
816;164996534;30;.;17;1541;0;0;0;5.16062;C/G;
1058;194341476;174;.;56;399;0;0;0;6.61376;C/T;
956;38001700;40;.;22;2317;0;0;0;13.8142;A/T;
870;119587855;29;.;30;1705;0;0;0;36.3569;G/T;
862;122341442;50;.;21;410;0;0;0;11.4497;C/T;
551;42942598;17;.;11;3076;0;0;0;5.3334;C/G;
739;100669078;79;.;28;1664;0;0;0;18.0954;C/A;
314;119173638;6;.;7;3135;0;0;0;10.124;T/A;
645;45400327;21;.;19;2967;0;0;0;4.99064;C/T;
653;49358192;15;.;16;1462;0;0;0;1.72304;A/G;
1013;64541123;1;.;37;3014;0;0;0;2.39091;T/G;
732;15240593;65;.;12;1501;0;0;0;3.28297;C/T;
1387;25601226;24;.;45;251;0;0;0;2.44479;C/T;
593;57633264;38;.;45;2819;0;0;0;2.2691;C/G;
1377;147404004;14;.;22;2639;0;0;0;7.5776;C/A;
540;196483805;108;.;12;2020;0;0;0;26.9271;A/C;
962;126150513;30;.;25;961;0;0;0;3.62227;G/A;
791;127605025;7;.;10;1950;0;0;0;6.89909;C/T;
736;114139547;18;.;14;604;0;0;0;1.07645;G/A;
951;20174972;47;.;37;1873;0;0;0;8.96375;T/C;
1110;153604199;95;.;34;2584;0;0;0;4.50935;A/C;
774;174977545;47;.;15;2311;0;0;0;10.8917;A/T;
540;127767184;12;.;10;115;0;0;0;0.933007;C/G;
1462;6008040;71;.;77;1788;0;0;0;5.81535;G/A;
670;75860717;151;.;13;2426;0;0;0;13.2069;G/A;
1083;89247866;8;.;28;3187;0;0;0;2.1253;G/A;
516;40126326;34;.;14;1592;0;0;0;27.5144;A/C;
630;158703592;57;.;16;2334;0;0;0;37.9438;G/A;
210;118723516;144;.;8;2526;0;0;0;7.15508;T/G;
1005;24873680;133;.;28;2215;0;0;0;27.0691;C/T;
766;68236027;47;.;30;1997;0;0;0;48.5099;C/T;
787;40436630;12;.;44;1816;0;0;0;8.2106;G/A;
1069;53574089;53;.;31;2504;0;0;0;6.89245;C/A;
977;176128737;18;.;28;2482;0;0;0;14.5649;G/A;
847;76174276;6;.;26;1069;0;0;0;10.5721;G/A;
887;173298264;75;.;15;2870;0;0;0;14.7117;A/C;
766;25674631;64;.;36;2787;0;0;0;5.09;T/C;
775;106316738;120;.;10;2647;0;0;0;21.92;C/T;
941;82824646;124;.;29;1910;0;0;0;9.60092;A/T;
1223;184153558;62;.;46;2949;0;0;0;17.4586;C/T;
663;51995807;47;.;10;2373;0;0;0;5.40566;C/T;
1207;161510396;41;.;27;1557;0;0;0;2.16213;A/C;
829;153720186;33;.;29;1392;0;0;0;13.7744;C/A;
522;20792048;188;.;16;1350;0;0;0;2.74352;T/A;
656;22190256;71;.;16;1010;0;0;0;7.85528;A/C;
702;70473134;3;.;20;695;0;0;0;1.17877;C/T;
1271;4461895;21;.;32;2454;0;0;0;15.6094;C/G;
592;20803464;13;.;21;1789;0;0;0;3.7177;A/T;
863;23069461;18;.;28;1454;0;0;0;3.06391;G/A;
1641;88656155;39;.;48;1917;0;0;0;12.8088;G/C;
845;30986201;64;.;12;1584;0;0;0;15.9503;C/T;
751;67827815;88;.;14;2867;0;0;0;96.2039;A/C;
1078;57659612;5;.;54;2362;0;0;0;17.2856;C/T;
36;30353235;18;.;0;110;0;0;0;5.77765;C/T;
2170;84069942;25;.;94;1352;0;0;0;34.5066;G/A;
352;31329227;61;.;8;572;0;0;0;4.36035;G/A;
504;31297649;20;.;11;1023;0;0;0;50.8488;A/G;
1021;56975146;51;.;44;434;0;0;0;8.25204;C/T;
456;58403096;77;.;13;660;0;0;0;21.1604;A/G;
779;11915486;77;.;11;3008;0;0;0;49.8808;T/C;
678;47665940;119;.;7;562;0;0;0;8.30311;A/C;
881;67438810;67;.;20;18;0;0;0;9.18124;G/A;
917;27791370;77;.;14;2667;0;0;0;6.46829;T/A;
1593;4743120;14;.;34;2608;0;0;0;21.6751;T/C;
610;27363237;138;.;21;570;0;0;0;3.04663;G/T;
831;20350731;19;.;20;1976;0;0;0;7.147;G/A;
1095;84704861;21;.;49;1837;0;0;0;3.80251;G/A;
