955;78181641;86;.;25;1018;0;0;0;2.67211;C/A;
1191;141934299;24;.;29;3065;0;0;0;9.87057;T/G;
830;43529880;53;.;30;1476;0;0;0;8.18368;C/A;
881;129648946;76;.;21;4041;0;0;0;18.9834;C/T;
956;55328793;66;.;25;3469;0;0;0;9.51304;G/T;
1680;1033370;105;.;38;2182;0;0;0;5.99234;A/G;
1244;103519663;79;.;25;319;0;0;0;11.2838;A/C;
854;78964535;32;.;19;2067;0;0;0;4.80007;G/A;
1108;115216959;43;.;20;2578;0;0;0;1.3623;G/T;
1202;76285803;25;.;36;3472;0;0;0;12.064;G/A;
934;160280538;78;.;24;1758;0;0;0;1.1367;G/T;
1006;72320511;24;.;9;3726;0;0;0;164.976;T/C;
1249;53075219;150;.;38;2761;0;0;0;5.91722;A/G;
1428;96762335;36;.;27;1561;0;0;0;4.13067;C/G;
650;176498951;67;.;12;847;0;0;0;3.48899;C/A;
780;134905171;26;.;12;3254;0;0;0;43.1512;C/A;
882;40843337;54;.;18;2009;0;0;0;28.464;G/T;
780;55883116;19;.;9;3862;0;0;0;2.54637;G/A;
417;178146211;36;.;8;1040;0;0;0;1.31498;C/G;
932;111071889;59;.;23;1576;0;0;0;4.29312;G/A;
690;170914235;23;.;16;442;0;0;0;0.810543;C/G;
700;177295171;47;.;9;1307;0;0;0;21.982;G/T;
1090;95017451;85;.;33;3051;0;0;0;14.3752;C/T;
850;21959728;14;.;16;422;0;0;0;6.95546;G/C;
459;23697192;31;.;6;1932;0;0;0;21.0834;G/C;
487;24728318;26;.;12;600;0;0;0;5.21203;G/C;
1189;26496292;48;.;26;1207;0;0;0;1.45017;C/A;
891;50676649;96;.;39;3702;0;0;0;15.0239;C/T;
1540;20016587;20;.;31;1806;0;0;0;8.78096;A/T;
1032;38736381;15;.;13;1900;0;0;0;4.17554;C/T;
1264;37725749;10;.;25;3025;0;0;0;9.18873;A/G;
1335;29359946;29;.;15;1478;0;0;0;2.64026;C/G;
1065;41540797;3;.;24;3218;0;0;0;11.8646;T/G;
519;24365474;56;.;15;293;0;0;0;6.9517;A/G;
1245;44093975;13;.;44;1612;0;0;0;1.72492;T/G;
1313;19150052;7;.;23;4095;0;0;0;7.35637;C/G;
582;41808961;216;.;20;3774;0;0;0;23.4637;T/A;
1080;45562992;1;.;47;3696;0;0;0;4.01367;T/A;
1454;37206624;20;.;67;2357;0;0;0;18.3536;T/A;
973;33316194;179;.;38;3019;0;0;0;141.896;G/A;
2260;50313880;20;.;48;66;0;0;0;5.16044;T/C;
708;45117721;117;.;19;4022;0;0;0;4.18904;C/T;
1265;63640151;42;.;43;3620;0;0;0;6.12608;C/T;
1154;99218714;56;.;31;1446;0;0;0;0.876427;C/A;
733;64381348;2;.;25;1640;0;0;0;1.71937;A/G;
130;75354803;13;.;4;3941;0;0;0;10.2425;C/T;
1406;92434246;20;.;42;3162;0;0;0;13.3531;G/T;
890;49331827;40;.;61;2723;0;0;0;0.830446;T/A;
935;70664661;20;.;21;2776;0;0;0;32.9961;C/A;
667;50591923;24;.;39;2988;0;0;0;8.74856;C/T;
375;49589887;73;.;14;3071;0;0;0;6.72948;G/A;
970;89315310;55;.;17;1835;0;0;0;6.11078;G/C;
538;69033059;36;.;6;1305;0;0;0;0.933145;A/T;
1042;80203741;83;.;24;1254;0;0;0;2.65164;C/G;
558;56394680;22;.;9;2063;0;0;0;3.05289;T/G;
955;89903776;34;.;21;2410;0;0;0;4.75258;C/T;
1125;40815720;80;.;21;2730;0;0;0;8.84219;C/G;
888;55317663;54;.;21;2085;0;0;0;10.442;G/A;
775;51692168;149;.;19;756;0;0;0;2.0622;G/A;
697;83115935;21;.;22;1493;0;0;0;1.36812;T/G;
730;50607282;137;.;20;484;0;0;0;8.82736;A/C;
1198;77035830;4;.;30;1317;0;0;0;15.3609;C/T;
621;43203234;279;.;16;2932;0;0;0;11.4673;G/A;
1498;6249461;31;.;40;3646;0;0;0;7.57144;C/T;
923;156378401;17;.;16;3173;0;0;0;3.81851;T/A;
501;149933914;47;.;6;1788;0;0;0;24.4019;G/A;
1273;67009112;38;.;21;1917;0;0;0;3.77634;C/T;
333;248324173;31;.;6;3121;0;0;0;5.15535;G/T;
570;247300523;108;.;14;1209;0;0;0;0.942567;T/G;
1084;184803665;73;.;24;1803;0;0;0;4.16062;G/A;
1044;45686410;2;.;31;2898;0;0;0;4.52114;A/T;
1025;169855795;15;.;63;1741;0;0;0;16.0203;C/T;
300;225258063;1;.;12;387;0;0;0;1.84746;C/A;
859;212360697;71;.;13;2215;0;0;0;3.15033;T/C;
1024;6575285;10;.;31;4008;0;0;0;22.0032;T/G;
1121;161218069;65;.;17;2635;0;0;0;2.3521;C/T;
1074;55058113;12;.;53;228;0;0;0;1.41526;G/A;
1288;74620790;2;.;29;2840;0;0;0;7.11776;T/C;
1026;1918148;46;.;18;2882;0;0;0;5.1004;G/T;
2411;3479901;27;.;62;3997;0;0;0;6.62515;C/T;
1109;205774857;1;.;23;932;0;0;0;0.564017;T/A;
1375;122768382;104;.;34;2797;0;0;0;6.71313;T/A;
656;80275141;38;.;18;669;0;0;0;1.18798;G/A;
939;89307220;49;.;28;3528;0;0;0;45.2907;C/T;
1468;123154916;95;.;30;1945;0;0;0;4.86271;A/G;
1041;97882799;124;.;33;3086;0;0;0;7.52423;A/C;
866;114830890;139;.;15;294;0;0;0;4.359;T/G;
927;95687264;89;.;21;438;0;0;0;2.79706;G/A;
712;72898707;15;.;11;1528;0;0;0;9.39653;G/A;
1343;67180391;43;.;24;3148;0;0;0;15.9347;G/A;
718;69196991;121;.;18;1975;0;0;0;9.7258;G/A;
1203;114657950;19;.;27;856;0;0;0;1.79831;T/A;
1747;129766945;19;.;42;1369;0;0;0;26.2104;G/A;
1261;114310348;34;.;24;483;0;0;0;10.771;G/A;
672;29523799;68;.;16;3276;0;0;0;5.70986;C/A;
1159;17953190;51;.;31;1281;0;0;0;3.73953;G/A;
1503;30850159;23;.;48;2901;0;0;0;16.309;C/G;
1263;124314429;20;.;37;4046;0;0;0;7.38946;C/A;
509;57456092;1;.;7;3406;0;0;0;25.984;A/C;
1291;40320067;4;.;25;1169;0;0;0;4.57157;C/G;
853;76347413;81;.;24;868;0;0;0;15.6288;G/A;
507;56581449;33;.;10;3166;0;0;0;6.03294;C/T;
924;4490524;12;.;28;1069;0;0;0;3.65844;G/A;
1069;122192769;58;.;21;2653;0;0;0;27.0088;G/T;
658;121669457;8;.;14;3555;0;0;0;8.73481;C/T;
1006;12787560;80;.;27;941;0;0;0;12.2959;C/T;
976;53307490;43;.;23;2009;0;0;0;3.37346;T/G;
1004;14915522;55;.;16;1463;0;0;0;2.83824;G/A;
442;7652789;18;.;14;818;0;0;0;4.25999;C/A;
1046;5744159;16;.;28;2155;0;0;0;4.43773;C/T;
927;101166492;58;.;19;2531;0;0;0;9.84959;A/C;
733;48922157;48;.;21;3718;0;0;0;7.62101;G/A;
877;108788015;14;.;13;2483;0;0;0;7.86664;C/G;
741;69350122;29;.;9;11;0;0;0;10.2576;A/T;
1101;52319272;25;.;36;304;0;0;0;230.612;C/T;
818;65238766;106;.;17;1982;0;0;0;4.3191;C/T;
1018;123162148;15;.;22;1572;0;0;0;60.5417;G/A;
737;120438230;21;.;24;334;0;0;0;11.5357;G/C;
819;35245342;141;.;17;3690;0;0;0;27.2703;C/T;
1041;79096475;18;.;25;1302;0;0;0;7.61074;G/A;
1248;31130516;12;.;32;1443;0;0;0;2.60759;A/G;
1140;6213223;45;.;27;488;0;0;0;0.918317;C/A;
1479;74447208;12;.;68;3769;0;0;0;2.99195;G/A;
1246;41990504;111;.;22;1322;0;0;0;8.566;C/T;
822;21847037;17;.;10;3000;0;0;0;13.6006;C/T;
1127;31022378;75;.;32;870;0;0;0;8.8065;G/A;
1115;357391;36;.;43;2821;0;0;0;2.97466;C/T;
1505;33671849;59;.;22;3441;0;0;0;11.9272;T/A;
916;12420135;12;.;18;2968;0;0;0;120.37;G/T;
1097;68691294;78;.;26;1066;0;0;0;1.71847;C/A;
822;32687207;42;.;24;2834;0;0;0;11.7171;G/A;
602;35975003;15;.;21;612;0;0;0;1.56449;C/T;
1156;63489431;21;.;25;2491;0;0;0;4.64836;C/T;
553;26227133;2;.;10;1884;0;0;0;85.1381;G/T;
1470;31411399;13;.;37;1416;0;0;0;41.7899;A/G;
507;33348976;44;.;8;577;0;0;0;1.66912;C/A;
1268;69011090;75;.;21;1757;0;0;0;9.11128;C/T;
728;17793453;48;.;24;2569;0;0;0;14.8225;G/A;
890;43687536;50;.;12;1208;0;0;0;58.0642;G/T;
1225;33586113;145;.;31;1308;0;0;0;10.4003;C/T;
1217;37840656;31;.;38;2856;0;0;0;10.9517;A/G;
1094;33631484;42;.;27;1928;0;0;0;9.5692;A/G;
1008;42853673;10;.;41;3941;0;0;0;3.41081;G/A;
988;37200253;11;.;26;2923;0;0;0;2.96268;G/C;
1793;44529793;81;.;38;4092;0;0;0;18.7716;C/A;
1316;30166202;9;.;24;2413;0;0;0;4.59632;C/T;
1560;46125812;34;.;69;638;0;0;0;5.48863;G/C;
1041;39428311;99;.;24;1612;0;0;0;5.46239;T/A;
1218;41443863;47;.;42;2250;0;0;0;2.34182;C/G;
1289;17609143;49;.;31;3031;0;0;0;48.9985;A/T;
1298;37478180;54;.;27;3775;0;0;0;14.3886;G/A;
943;37167615;5;.;38;3832;0;0;0;2.30303;C/T;
866;37091398;63;.;26;3623;0;0;0;68.6289;A/G;
1470;40124233;80;.;46;592;0;0;0;5.6231;G/A;
1102;44647321;1;.;47;3334;0;0;0;43.0724;A/G;
866;29321283;8;.;19;3891;0;0;0;12.4135;G/A;
1870;41838065;14;.;74;1445;0;0;0;15.0853;T/C;
754;25592850;10;.;14;609;0;0;0;2.26104;G/A;
1514;44324555;28;.;43;2759;0;0;0;7.27372;T/G;
754;289562;72;.;45;3184;0;0;0;6.2045;G/T;
950;45907888;37;.;22;3728;0;0;0;5.89304;G/A;
1187;32867651;81;.;32;2770;0;0;0;20.9499;C/T;
1168;16504370;16;.;29;3862;0;0;0;3.17314;A/G;
945;39001751;29;.;19;2735;0;0;0;11.4785;C/T;
453;34281077;20;.;8;1693;0;0;0;3.98084;A/G;
1131;9409182;60;.;27;336;0;0;0;2.99966;G/C;
956;31639937;1;.;24;1693;0;0;0;0.428681;T/G;
840;31922984;17;.;16;3497;0;0;0;40.3232;C/T;
976;33740959;32;.;13;787;0;0;0;0.243233;T/G;
1217;54650441;23;.;37;1977;0;0;0;2.48125;C/T;
1116;56497412;15;.;34;3598;0;0;0;5.83817;A/G;
1151;45348323;28;.;34;239;0;0;0;3.64452;A/G;
1011;3223395;3;.;30;2040;0;0;0;3.42985;A/G;
1192;58461351;74;.;27;1570;0;0;0;2.38024;G/T;
765;34549897;51;.;26;1564;0;0;0;9.3928;T/C;
865;43726585;27;.;17;2081;0;0;0;9.03272;G/A;
810;44512889;8;.;20;1128;0;0;0;1.30485;A/T;
1039;24978830;115;.;23;2288;0;0;0;4.28428;G/A;
1183;38227231;151;.;30;1211;0;0;0;17.3469;G/A;
1065;13887851;97;.;15;3961;0;0;0;23.5573;C/G;
920;46545611;19;.;21;657;0;0;0;8.80514;C/A;
1387;33066872;21;.;28;1847;0;0;0;29.0079;C/A;
947;31290758;5;.;20;1524;0;0;0;3.35515;A/C;
1146;103257705;14;.;35;442;0;0;0;8.46629;T/A;
737;59478120;3;.;12;7717;0;0;81.0258;120.993;G/T;
966;44074610;78;.;38;1536;0;0;0;0.958433;A/G;
1325;100193664;21;.;33;1527;0;0;0;6.76655;G/A;
735;73787987;46;.;22;2643;0;0;0;11.5977;G/A;
927;10496912;43;.;27;2259;0;0;0;22.041;C/T;
704;86419989;17;.;17;4048;0;0;0;14.6211;G/T;
1135;121621069;4;.;19;1244;0;0;0;3.93985;T/A;
854;62834279;90;.;12;1750;0;0;0;4.04058;G/A;
790;62976802;21;.;15;1771;0;0;0;36.5423;C/A;
842;18347920;46;.;20;2714;0;0;0;47.6898;G/T;
1155;60938020;26;.;19;898;0;0;0;1.41462;C/G;
797;57660876;95;.;16;3712;0;0;0;13.7385;C/T;
1326;4924142;80;.;35;1492;0;0;0;7.65276;G/C;
1386;134259085;2;.;11;3556;0;0;0;29.4362;G/A;
613;85634102;7;.;9;20;0;0;0;4.33996;C/T;
635;58031562;74;.;18;4088;0;0;0;4.57455;T/C;
804;119024957;3;.;27;3822;0;0;0;10.2683;G/A;
1009;124748647;67;.;15;1942;0;0;0;31.7799;T/G;
1289;2404944;2;.;34;693;0;0;0;7.87222;T/A;
743;33028773;4;.;9;4032;0;0;0;40.8109;A/T;
885;41907627;57;.;7;3245;0;0;0;27.1077;G/A;
1343;46771418;34;.;53;2986;0;0;0;47.2794;A/T;
453;41192254;12;.;5;3737;0;0;0;8.54226;C/T;
915;112376436;3;.;33;1707;0;0;0;33.5857;C/A;
779;48411431;72;.;23;2754;0;0;0;1.24875;C/T;
1068;59969965;123;.;29;1060;0;0;0;6.52311;T/G;
625;48037825;33;.;47;2828;0;0;0;6.48817;C/A;
994;36879549;76;.;29;2822;0;0;0;4.01249;C/A;
950;20083757;27;.;12;3343;0;0;0;2.36608;G/T;
1061;60010561;51;.;30;3401;0;0;0;5.7851;C/T;
1224;35805740;131;.;32;4035;0;0;0;7.78223;G/A;
768;29281802;37;.;25;1591;0;0;0;47.0227;T/A;
1423;71573417;30;.;17;517;0;0;0;72.7754;C/G;
1126;25532316;199;.;24;2849;0;0;0;27.2389;A/T;
1491;105467072;25;.;43;514;0;0;0;3.46594;A/T;
1208;112516577;14;.;38;3776;0;0;0;5.44512;T/C;
1631;113163100;85;.;37;2694;0;0;0;10.0021;T/A;
1244;42199817;1;.;18;3570;0;0;0;6.13541;C/T;
1465;43359952;1;.;27;494;0;0;0;23.4319;T/G;
1077;51111009;30;.;29;1301;0;0;0;7.51323;G/C;
967;36270493;87;.;18;3884;0;0;0;18.6415;A/T;
972;73783720;41;.;17;3652;0;0;0;9.40104;C/T;
1078;80203114;1;.;33;3389;0;0;0;34.8593;C/T;
1482;161232035;145;.;40;2113;0;0;0;8.58328;C/A;
1000;85530199;91;.;23;3250;0;0;0;11.2859;T/C;
898;42103783;35;.;27;3588;0;0;0;3.86559;G/T;
884;43623954;205;.;9;2063;0;0;0;8.18871;C/A;
852;30910039;149;.;24;3751;0;0;0;93.6286;A/T;
1219;79487299;37;.;40;1660;0;0;0;5.54366;T/C;
690;43478085;42;.;16;2260;0;0;0;5.7133;A/G;
1345;70144916;2;.;28;3216;0;0;0;21.1192;A/G;
841;31864854;26;.;15;2105;0;0;0;18.1068;T/A;
1239;64617482;34;.;23;3572;0;0;0;5.93461;C/G;
795;18133890;90;.;26;1447;0;0;0;47.4611;C/T;
1278;44113998;34;.;38;1255;0;0;0;2.45549;G/A;
812;131738038;32;.;12;2866;0;0;0;1.32613;G/A;
1786;32858394;48;.;113;3347;0;0;0;8.25446;C/T;
715;55858317;12;.;43;1201;0;0;0;13.5952;A/G;
1330;42293804;230;.;12;1328;0;0;0;2.57812;G/T;
543;12349868;17;.;10;629;0;0;0;11.0368;C/T;
587;4659982;33;.;20;4075;0;0;0;15.0747;C/A;
808;39873223;20;.;17;2554;0;0;0;4.10032;C/T;
1528;33800521;150;.;40;3076;0;0;0;15.2219;G/A;
775;54074853;23;.;40;8187;0;0;1014.11;3826.74;C/T;
965;36032417;27;.;23;2439;0;0;0;4.7803;T/G;
662;50658946;10;.;28;2786;0;0;0;16.379;G/T;
894;12930229;11;.;9;3582;0;0;0;4.01363;G/C;
1123;18669140;70;.;27;87;0;0;0;19.0278;C/A;
920;55530028;3;.;45;1835;0;0;0;56.7357;A/T;
720;56385051;154;.;20;2954;0;0;0;12.5484;C/T;
830;48464525;7;.;24;1625;0;0;0;34.3373;T/G;
887;16206354;9;.;19;3363;0;0;0;4.11308;C/A;
906;57130562;29;.;30;3342;0;0;0;4.2805;G/A;
1088;16479208;11;.;22;3298;0;0;0;19.0283;C/A;
1180;15696227;9;.;57;545;0;0;0;0.62133;T/G;
366;21310558;9;.;26;2023;0;0;0;2.89098;G/A;
1253;54168293;38;.;31;628;0;0;0;1.85482;C/T;
505;6887625;62;.;32;1569;0;0;0;6.75989;T/A;
615;4909556;17;.;26;3;0;0;0;11.9003;C/G;
560;9466756;20;.;27;1988;0;0;0;40.1961;C/T;
944;22983971;102;.;24;2475;0;0;0;4.65777;A/C;
698;140459847;27;.;23;2854;0;0;0;3.3642;G/C;
1750;155308255;264;.;80;1604;0;0;0;7.58467;G/C;
997;149070448;133;.;25;3761;0;0;0;64.0341;G/A;
855;40092949;108;.;22;3383;0;0;0;85.0742;G/T;
957;77323679;4;.;28;4005;0;0;0;8.59283;C/A;
1119;116250345;1;.;22;1912;0;0;0;2.32916;G/T;
964;130185191;184;.;20;2694;0;0;0;6.98353;C/T;
601;43807017;1;.;12;1623;0;0;0;9.73433;C/T;
1159;80474309;34;.;30;181;0;0;0;5.05868;G/A;
276;64706538;46;.;6;2485;0;0;0;7.03385;T/A;
1300;82955957;8;.;25;2713;0;0;0;5.5322;G/A;
743;141946255;45;.;13;3280;0;0;0;17.0197;A/G;
681;117480148;98;.;18;730;0;0;0;15.0453;G/T;
1367;128970203;134;.;35;3607;0;0;0;308.242;T/G;
798;151349182;13;.;27;2185;0;0;0;2.47936;A/G;
1511;103728197;47;.;45;3039;0;0;0;3.37258;T/A;
1070;48580285;14;.;36;3549;0;0;0;13.8719;C/T;
939;90299933;9;.;47;179;0;0;0;3.03956;A/T;
666;56441577;8;.;16;3878;0;0;0;51.6766;G/A;
1022;52539870;37;.;18;2543;0;0;0;3.499;G/A;
1515;141211632;18;.;38;3629;0;0;0;38.8264;A/G;
2020;143567247;13;.;48;1942;0;0;0;7.02082;G/A;
1050;36864402;36;.;16;2895;0;0;0;15.1253;A/G;
1118;116658859;45;.;29;1465;0;0;0;1184.76;C/T;
1127;36935764;63;.;14;196;0;0;0;9.69475;C/T;
360;99982118;16;.;7;57;0;0;0;19.6596;T/C;
712;66798541;146;.;22;2582;0;0;0;24.1978;G/C;
672;30763348;83;.;22;2761;0;0;0;7.78587;G/A;
1113;21909469;139;.;32;3504;0;0;0;73.1016;G/A;
922;124313998;28;.;33;2436;0;0;0;6.34114;C/A;
774;100142034;31;.;18;1894;0;0;0;3.17818;G/A;
944;18222567;39;.;34;500;0;0;0;1.08921;G/T;
997;108785065;22;.;22;3020;0;0;0;14.0238;G/A;
776;47407953;14;.;10;4046;0;0;0;10.0356;C/A;
1073;23137872;28;.;28;3249;0;0;0;192.683;A/G;
866;122371157;18;.;16;545;0;0;0;25.4625;G/C;
986;34517437;49;.;13;1233;0;0;0;3.58775;G/T;
1382;132264949;55;.;46;3635;0;0;0;32.4574;G/A;
1082;98293828;12;.;26;2749;0;0;0;5.23048;G/A;
851;19360274;12;.;21;1746;0;0;0;27.1501;C/A;
1315;101687111;200;.;45;2852;0;0;0;1.24109;G/T;
851;71698005;12;.;32;1106;0;0;0;93.5177;G/A;
1306;113595600;29;.;25;1705;0;0;0;5.93587;C/A;
794;76636484;27;.;28;2482;0;0;0;11.4276;G/A;
980;17135246;15;.;29;3119;0;0;0;17.8613;G/T;
1079;116805822;21;.;29;799;0;0;0;2.55268;T/A;
940;96534125;59;.;45;4056;0;0;0;7.32727;G/A;
993;97495707;8;.;17;877;0;0;0;26.4277;C/T;
914;120914265;70;.;19;2650;0;0;0;68.924;G/T;
1174;127936654;48;.;26;3473;0;0;0;6.17339;G/T;
1192;127813555;7;.;23;3098;0;0;0;3.41835;A/C;
737;122526492;52;.;25;449;0;0;0;27.1881;T/A;
548;96819716;8;.;17;217;0;0;0;0.422204;G/A;
1093;99047834;37;.;35;3765;0;0;0;12.4963;C/T;
1125;140923072;50;.;25;283;0;0;0;5.33582;C/T;
1492;71570336;1;.;46;3087;0;0;0;2.26184;T/C;
677;202828971;97;.;23;2793;0;0;0;9.04719;C/T;
1371;1267560;23;.;36;3642;0;0;0;52.9599;C/T;
854;157259509;79;.;15;3296;0;0;0;6.56715;G/C;
1130;218434696;58;.;23;3207;0;0;0;2.83763;G/A;
1094;231038200;11;.;42;2928;0;0;0;11.3706;G/C;
1067;162183414;37;.;19;311;0;0;0;7.82497;C/T;
1134;206567236;33;.;16;3171;0;0;0;4.54351;C/T;
485;73408652;51;.;13;2005;0;0;0;1.60282;C/T;
1050;111117740;29;.;30;1409;0;0;0;1.52766;T/A;
1179;65077906;6;.;29;2599;0;0;0;13.5452;G/C;
967;187352113;151;.;35;1397;0;0;0;2.5764;C/T;
1210;166406623;22;.;28;2712;0;0;0;37.3986;C/A;
1097;29152684;50;.;29;834;0;0;0;9.00134;G/C;
1162;48591703;20;.;34;621;0;0;0;38.9262;C/T;
1033;238061144;47;.;11;3462;0;0;0;1.96778;G/A;
997;143952819;3;.;24;3277;0;0;0;6.9975;A/T;
1187;168871494;140;.;31;3536;0;0;0;1.67162;G/T;
1152;73081158;16;.;21;1148;0;0;0;1.84027;T/C;
773;230464149;150;.;20;2780;0;0;0;8.82394;A/T;
589;24631857;11;.;17;832;0;0;0;5.6612;C/G;
1339;72671192;4;.;36;1353;0;0;0;3.10655;G/A;
975;93185443;41;.;26;27;0;0;0;8.28957;C/G;
705;73922698;282;.;25;3770;0;0;0;4.74009;G/A;
1425;77301233;62;.;35;392;0;0;0;497.217;A/T;
615;35688972;41;.;11;3790;0;0;0;10.9313;G/A;
1154;64487087;10;.;24;1765;0;0;0;3.67464;G/A;
829;30912182;53;.;21;3930;0;0;0;5.45114;A/G;
853;52707201;15;.;20;1116;0;0;0;4.15191;T/A;
669;37808731;2;.;20;3263;0;0;0;11.9609;A/G;
1078;22105398;33;.;30;254;0;0;0;141.112;G/C;
757;35278719;51;.;19;3177;0;0;0;4.69946;G/A;
864;58408553;120;.;21;499;0;0;0;3.56804;C/T;
882;20229528;54;.;30;2942;0;0;0;9.63206;A/T;
1122;75783434;1;.;28;2195;0;0;0;16.4437;C/T;
1164;62707522;114;.;25;2473;0;0;0;15.6707;C/A;
922;60246029;308;.;17;1290;0;0;0;1.6778;G/C;
627;34753522;4;.;17;793;0;0;0;1.07219;T/A;
1230;61280595;92;.;31;3438;0;0;0;9.90281;G/T;
1197;24437280;4;.;34;768;0;0;0;76.6171;T/C;
1101;38255472;86;.;28;1393;0;0;0;10.5634;G/C;
1172;81536910;88;.;20;1174;0;0;0;1.11369;C/T;
1047;38879949;122;.;20;2586;0;0;0;5.378;C/T;
993;119587464;130;.;33;3806;0;0;0;22.4957;G/A;
932;127606737;4;.;15;1636;0;0;0;1.34368;C/T;
680;98354249;1;.;12;1667;0;0;0;89.7551;C/G;
805;131498208;69;.;10;671;0;0;0;5.4859;C/G;
786;189631578;134;.;19;3175;0;0;0;2.30162;G/A;
729;119216237;53;.;20;1017;0;0;0;1.40735;T/G;
846;19950793;27;.;17;1760;0;0;0;19.8491;T/A;
363;101565010;58;.;20;308;0;0;0;6.40922;G/T;
733;183162606;21;.;22;48;0;0;0;6.84465;C/T;
947;44594323;50;.;32;2979;0;0;0;5.98073;C/T;
1643;389316;28;.;56;2965;0;0;0;149.553;G/A;
1313;112078880;41;.;40;3312;0;0;0;9.30706;T/A;
1287;115720850;4;.;40;1773;0;0;0;2.61522;G/T;
1648;25601226;42;.;47;235;0;0;0;4.30131;C/T;
1106;10319268;44;.;38;1953;0;0;0;3.69393;A/C;
449;46833528;67;.;9;3896;0;0;0;8.29184;G/T;
848;102307492;33;.;22;3724;0;0;0;23.7886;C/T;
1310;89936320;8;.;20;2640;0;0;0;2.00022;T/C;
1135;36290407;29;.;20;2775;0;0;0;5.06762;C/T;
1210;155866186;2;.;27;2620;0;0;0;11.2902;C/T;
783;67911409;143;.;20;1435;0;0;0;8.89802;T/G;
999;124710510;28;.;15;2430;0;0;0;2.67854;A/C;
939;183679430;18;.;41;2384;0;0;0;3.01181;G/C;
492;128206486;154;.;29;2266;0;0;0;5.29229;C/T;
1120;81053425;8;.;18;3609;0;0;0;6.87726;C/A;
1000;110622370;28;.;26;476;0;0;0;15.0139;G/A;
1211;120777211;98;.;28;901;0;0;0;1.23215;C/T;
1165;1171874;79;.;29;453;0;1;0;60.6247;G/A;
831;68235999;75;.;34;2121;0;0;0;2.80845;T/C;
1287;150277989;4;.;25;2823;0;0;0;6.17014;G/A;
893;99124462;3;.;23;1087;0;0;0;6.36368;G/A;
858;122743915;91;.;23;1970;0;0;0;6.0996;C/T;
751;158710800;8;.;16;1423;0;0;0;1.19588;G/A;
779;48494093;133;.;32;2395;0;0;0;45.5875;T/C;
982;22374231;21;.;7;3654;0;0;0;6.03313;C/T;
1285;8801829;52;.;59;2286;0;0;0;19.9102;C/T;
1427;77212200;50;.;36;3976;0;0;0;8.48283;G/A;
954;31145785;53;.;10;2915;0;0;0;3.99131;T/C;
2449;731645;19;.;40;460;0;0;0;27.317;G/A;
1759;87411899;69;.;38;168;0;0;0;29.3922;A/G;
991;48211186;43;.;12;2145;0;0;0;13.7379;T/C;
1131;57186446;17;.;33;1096;0;0;0;2.11272;G/C;
1022;69187207;130;.;34;1044;0;0;0;4.72732;C/G;
955;30761706;109;.;15;1968;0;0;0;10.7606;G/A;
1537;89962126;22;.;33;378;0;0;0;4.32618;G/A;
766;71283609;21;.;17;2222;0;0;0;7.96576;C/T;
821;23756451;97;.;16;3715;0;0;0;8.44857;T/C;
826;24910322;91;.;17;3561;0;0;0;9.63;G/A;
872;75464488;16;.;17;1412;0;0;0;4.34168;G/C;
1538;85801258;35;.;47;3255;0;0;0;9.90444;C/T;
