633;79237104;25;.;19;203;0;0;0;1.07465;C/T;
1406;68280991;36;.;34;72;0;0;0;23.234;C/T;
1264;168262607;23;.;36;69;0;0;0;0.718871;T/A;
497;154712932;108;.;20;26;0;0;0;18.4144;T/C;
1071;167375196;50;.;20;32;0;0;0;2.31236;A/T;
1297;27797210;137;.;45;70;0;0;0;3.9671;T/A;
1654;49822965;42;.;30;103;0;0;0;0.82583;A/C;
1037;43428169;166;.;40;132;0;0;0;8.81364;C/T;
826;43874106;51;.;11;77;0;0;0;0.876495;C/G;
1138;65446886;79;.;26;34;0;0;0;8.38829;A/T;
451;111147727;35;.;9;66;0;0;0;4.16342;C/T;
1091;246861958;25;.;38;147;0;0;0;4.88487;C/A;
760;86735078;54;.;16;188;0;0;0;9.71846;G/A;
818;185202766;68;.;20;43;0;0;0;7.52294;C/T;
723;86742246;26;.;13;85;0;0;0;13.4904;C/A;
555;103379715;5;.;13;111;0;0;0;2.03001;A/G;
799;68749147;61;.;22;4;0;0;0;0.321861;C/T;
873;35074191;26;.;58;175;0;0;0;7.3782;C/T;
786;107319040;27;.;18;28;0;0;0;16.2706;T/C;
1338;57212007;216;.;29;100;0;0;0;4.37273;C/T;
1008;129903260;96;.;31;139;0;0;0;4.2738;C/A;
801;62895797;20;.;25;136;0;0;0;1.92956;T/G;
715;62716440;16;.;14;104;0;0;0;0.27541;G/T;
642;36369259;41;.;13;108;0;0;0;1.14532;C/T;
1160;31998925;2;.;34;186;0;0;0;6.14554;G/A;
868;31692431;27;.;18;177;0;0;0;21.2171;C/T;
686;31671585;50;.;21;93;0;0;0;2.11562;C/T;
695;31672160;34;.;24;128;0;0;0;7.98708;C/G;
686;53571767;142;.;20;162;0;0;0;2.88451;G/A;
500;34413779;92;.;10;98;0;0;0;4.33208;C/A;
1432;123594129;24;.;40;19;0;0;0;1.76739;C/G;
1252;8730676;89;.;25;208;0;0;0;21.3792;C/A;
1402;1010546;8;.;26;210;0;0;0;7.30868;A/C;
1360;986955;14;.;29;25;0;0;0;8.47674;C/T;
584;78658192;44;.;18;173;0;0;0;0.98468;G/A;
1212;78250317;56;.;30;8;0;0;0;2.01581;G/A;
1114;8810516;79;.;29;105;0;0;0;0.389523;C/T;
785;75715496;76;.;21;81;0;0;0;4.54696;G/A;
754;37458789;36;.;10;116;0;0;0;3.6347;G/T;
1167;31637509;37;.;35;46;0;0;0;0.0478924;C/T;
1155;35312739;8;.;15;87;0;0;0;8.86506;C/A;
893;48729113;139;.;25;23;0;0;0;3.20863;C/A;
1322;5951391;7;.;22;115;0;0;0;183.145;A/G;
982;35066014;88;.;30;119;0;0;0;16.8824;G/A;
986;35066261;44;.;28;21;0;0;0;12.6209;G/T;
944;47040473;15;.;20;159;0;0;0;13.499;C/G;
1396;128844774;73;.;33;204;0;0;0;26.6084;C/A;
1141;158644368;34;.;25;167;0;0;0;113.53;C/T;
760;6154137;1;.;15;49;0;0;0;1.43886;G/C;
1392;128844161;1;.;24;64;0;0;0;2.01117;G/T;
1351;128841304;31;.;25;195;0;0;0;1.47134;C/T;
870;6111174;115;.;21;63;0;0;0;19.2574;C/A;
1088;104491403;135;.;22;152;0;0;0;59.2057;G/C;
916;130112093;10;.;26;160;0;0;0;1.80088;C/T;
1256;105802951;94;.;27;88;0;0;0;1.00664;G/T;
983;67301323;48;.;23;200;0;0;0;5.9054;C/A;
1260;71334168;19;.;33;61;0;0;0;16.1954;G/A;
717;100327826;112;.;7;79;0;0;0;0.204744;A/T;
1011;33469618;29;.;28;10;0;0;0;1.59327;C/G;
625;125305117;23;.;16;95;0;0;0;11.7262;C/T;
978;104129834;31;.;32;82;0;0;0;0.565623;G/T;
805;100349183;223;.;10;13;0;0;0;4.29708;C/T;
1016;128618078;158;.;15;121;0;0;0;42.5613;G/A;
1445;136840424;2;.;34;164;0;0;0;14.1178;A/C;
888;27239368;56;.;9;36;0;0;0;0.715466;T/A;
1242;178392534;51;.;29;208;0;0;0;11.5218;C/T;
1242;86088834;91;.;33;55;0;0;0;26.9039;C/A;
897;27233767;51;.;11;106;0;0;0;0.331368;G/T;
930;151465784;39;.;25;30;0;0;0;3.62243;T/G;
883;188974505;122;.;17;44;0;0;0;6.04468;C/T;
1683;241236614;49;.;36;148;0;0;0;4.27431;C/G;
770;206062942;184;.;16;155;0;0;0;3.12319;G/T;
905;22843420;6;.;35;123;0;0;0;1.49917;C/T;
1126;59291307;28;.;25;135;0;0;0;2.95788;G/T;
1168;22923083;58;.;33;127;0;0;0;37.8041;G/A;
892;22842013;89;.;39;0;0;0;0;2.67227;C/T;
1332;124298894;47;.;38;141;0;0;0;0.0859426;A/G;
618;196868074;76;.;23;142;0;0;0;5.47328;G/A;
1096;15737188;56;.;28;179;0;0;0;4.50696;G/A;
1141;31624984;231;.;7;75;0;0;0;48.3727;C/T;
695;50075324;99;.;21;57;0;0;0;5.61087;A/T;
707;155934943;75;.;13;171;0;0;0;5.22397;T/A;
910;51391563;61;.;21;96;0;0;0;6.39555;A/G;
1126;139358243;44;.;29;51;0;0;0;3851;G/C;
664;51663223;118;.;9;185;0;0;0;15.508;C/A;
1565;127004678;28;.;23;197;0;0;0;7.49074;A/C;
1116;31633140;83;.;11;53;0;0;0;2.26225;C/G;
968;15695187;25;.;27;156;0;0;0;0.827301;C/A;
1115;193692133;54;.;13;192;0;0;0;4.95077;G/T;
599;196885622;126;.;22;145;0;0;0;88.9769;T/A;
766;47622254;136;.;16;2;0;0;0;6.67041;G/A;
1125;119368504;31;.;24;199;0;0;0;41.2967;T/A;
1604;127014547;1;.;19;206;0;0;0;30.2586;C/T;
1021;94284948;43;.;17;59;0;0;0;85.442;A/T;
1043;70571201;40;.;21;90;0;0;0;0.585255;T/C;
595;53470596;3;.;14;17;0;0;0;5.85049;G/A;
1377;2183935;20;.;17;131;0;0;0;1.99393;C/A;
813;15602048;182;.;21;39;0;0;0;6.70933;C/A;
601;53470804;19;.;11;180;0;0;0;0.837866;A/G;
1311;4832188;73;.;37;151;0;0;0;5.11642;G/A;
1263;4812235;57;.;37;40;0;0;0;22.8492;C/A;
