894;134579002;163;.;24;121;0;0;0;4.19643;A/G;
816;38949376;27;.;23;142;0;0;0;0.666124;T/G;
761;113563405;148;.;21;170;0;0;0;43.2265;A/C;
869;148417149;14;.;7;7;0;0;0;26.2478;G/A;
965;39002660;15;.;16;55;0;0;0;43.0212;C/G;
1235;141863871;12;.;33;30;0;0;0;6.51301;C/T;
806;23791779;15;.;24;165;0;0;0;15.3717;C/T;
1704;50276880;113;.;46;108;0;0;0;6.06867;G/A;
809;37624970;108;.;21;100;0;0;0;55.5977;G/A;
789;23803379;56;.;24;41;0;0;0;2.05818;C/T;
1128;39588967;93;.;22;110;0;0;0;0.734404;C/T;
1432;156955749;12;.;30;37;0;0;0;4.81017;G/A;
947;22781458;51;.;31;87;0;0;0;5.74297;G/A;
603;27988593;178;.;17;91;0;0;0;0.655562;G/A;
659;53249428;52;.;18;59;0;0;0;3.47177;G/A;
916;22908072;4;.;33;143;0;0;0;19.3979;C/A;
1214;158094790;70;.;50;85;0;0;0;9.95556;C/T;
825;151816671;103;.;17;173;0;0;0;23.7424;G/A;
647;62450852;52;.;19;178;0;0;0;43.7592;T/C;
1058;22864977;38;.;37;166;0;0;0;65.5172;C/T;
718;77960352;127;.;20;83;0;0;0;6.52917;C/T;
757;153764126;109;.;16;148;0;0;0;1.28111;T/C;
538;36291417;34;.;7;184;0;0;0;20.2284;C/T;
987;110130428;83;.;14;180;0;0;0;11.7539;A/G;
362;21670637;32;.;13;3;0;0;0;4.22222;G/A;
1357;71828047;50;.;42;107;0;0;0;6.13232;C/T;
573;21713899;9;.;14;95;0;0;0;2.04722;G/C;
800;31460323;78;.;16;43;0;0;0;4.56415;T/C;
1186;57296452;118;.;21;12;0;0;0;6.75104;A/C;
553;56602137;81;.;13;22;0;0;0;11.7902;C/T;
883;124968936;58;.;36;134;0;0;0;4.57546;C/T;
501;56598623;9;.;10;25;0;0;0;2.29894;G/A;
1131;6936257;26;.;30;17;0;0;0;1.20446;C/T;
725;31398278;8;.;13;174;0;0;0;1.1735;T/C;
827;6333500;5;.;33;177;0;0;0;8.91422;C/T;
856;27985160;33;.;30;187;0;0;0;0.930406;T/C;
798;47865129;80;.;14;191;0;0;0;20.5802;C/T;
956;48632545;33;.;23;128;0;0;0;42.5319;G/A;
556;48969230;117;.;16;162;0;0;0;2.85443;G/C;
744;51791694;158;.;21;20;0;0;0;2.08636;G/A;
1042;48700773;93;.;20;123;0;0;0;9.61168;G/A;
624;49005138;6;.;29;132;0;0;0;15.306;G/A;
600;61314105;436;.;12;113;0;0;0;3.20792;C/T;
931;86001131;181;.;21;48;0;0;0;45.9639;A/G;
767;33090625;107;.;17;51;0;0;0;6.64261;A/G;
823;33105609;153;.;18;61;0;0;0;2.85055;G/A;
1002;161102736;133;.;19;136;0;0;0;6.50821;A/C;
1253;130955177;76;.;26;126;0;0;0;1.04293;G/C;
793;17706382;9;.;18;183;0;0;0;6.44029;G/A;
778;28923330;56;.;23;156;0;0;0;86.6213;C/T;
778;17628719;54;.;26;47;0;0;0;5.50835;C/T;
896;108178217;82;.;27;81;0;0;0;25.6776;C/T;
944;130867534;56;.;25;11;0;0;0;47.6744;T/C;
934;161049952;54;.;24;195;0;0;0;36.2958;A/G;
751;54456744;73;.;35;145;0;0;0;27.3285;C/T;
1554;1010488;34;.;69;8;0;0;0;1.44363;G/A;
846;49746541;85;.;19;64;0;0;0;12.894;A/G;
810;19296999;75;.;9;118;0;0;0;1.38665;C/T;
785;46704525;64;.;31;96;0;0;0;14.8925;G/A;
847;19306003;58;.;15;117;0;0;0;4.40143;G/T;
1429;984542;12;.;62;88;0;0;0;3.66635;C/T;
973;39471431;34;.;21;193;0;0;0;2.57753;T/C;
761;46681716;18;.;31;168;0;0;0;19.95;C/T;
809;150949000;55;.;22;115;0;0;0;16.8558;G/C;
782;155711376;188;.;10;190;0;0;0;96.3016;G/A;
596;42943327;102;.;11;160;0;0;0;7.68467;A/G;
614;43018477;46;.;13;19;0;0;0;5.89172;G/A;
646;123361634;31;.;12;153;0;0;0;6.63548;T/C;
753;86319597;84;.;11;155;0;0;0;21.0499;T/C;
1421;120927437;27;.;47;38;0;0;0;2.60154;C/T;
1301;9385280;6;.;24;146;0;0;0;8.69546;C/T;
1448;127713669;249;.;35;26;0;0;0;3.78715;C/T;
578;99361255;116;.;18;159;0;0;0;1.03269;T/C;
1202;120797404;40;.;28;5;0;0;0;7.69779;G/A;
916;90730116;164;.;33;44;0;0;0;6.68016;T/C;
1245;21091019;17;.;50;102;0;0;0;7.08418;C/G;
778;100538797;48;.;17;125;0;0;0;17.5579;C/T;
1268;90593592;28;.;32;53;0;0;0;9.02321;T/C;
1335;90610827;107;.;39;1;0;0;0;86.3893;A/G;
1277;52457875;7;.;14;151;0;0;0;15.9001;T/C;
775;18349524;35;.;17;130;0;0;0;6.35914;C/T;
1371;20524065;159;.;26;28;0;0;0;21.0799;G/A;
863;71557792;115;.;23;76;0;0;0;9.74085;C/T;
973;71440747;48;.;7;192;0;0;0;0.865726;C/T;
868;71357114;30;.;11;73;0;0;0;121.556;C/T;
1158;20480785;53;.;16;75;0;0;0;6.8003;G/A;
912;121822575;63;.;24;70;0;0;0;1.10906;T/C;
1128;58560346;276;.;30;68;0;0;0;2.91377;G/A;
782;11915442;5;.;13;15;0;0;0;6.69047;C/G;
949;57204712;9;.;26;67;0;0;0;1.74763;T/G;
1085;50633268;6;.;15;92;0;0;0;62.1005;G/A;
783;11876137;60;.;16;34;0;0;0;4.62434;G/A;
