820;37632124;36;.;19;14;0;0;0;4.86067;C/T;
736;77966906;127;.;18;9;0;0;0;9.35326;T/C;
1435;156936043;67;.;35;32;0;0;0;4.2802;A/G;
612;62443318;102;.;19;35;0;0;0;1.21171;A/T;
1214;158091368;151;.;49;4;0;0;0;2.80487;G/A;
638;21727917;65;.;9;22;0;0;0;3.4442;T/A;
1311;71817470;40;.;42;37;0;0;0;14.1704;C/G;
501;56598632;85;.;14;18;0;0;0;2.40531;G/A;
807;124952571;25;.;31;2;0;0;0;155.801;C/G;
928;48679680;179;.;26;24;0;0;0;1.629;G/A;
990;130870109;75;.;26;17;0;0;0;4.97155;C/G;
1416;990950;41;.;54;30;0;0;0;2.20666;C/G;
1605;1011941;37;.;68;28;0;0;0;3.53721;C/T;
631;123356444;140;.;11;40;0;0;0;4.83409;C/G;
1280;9388401;6;.;29;39;0;0;0;10.5972;C/A;
1269;90593620;41;.;31;27;0;0;0;6.13017;A/C;
632;91870360;20;.;14;6;0;0;0;0.981416;A/G;
968;100567941;70;.;21;10;0;0;0;2.04731;T/C;
1042;58521194;33;.;38;12;0;0;0;1.89093;T/G;
1107;50633781;143;.;13;20;0;0;0;0.332566;G/C;
785;11915486;77;.;13;42;0;0;0;65.2909;T/G;
